10.08495790941231,13.10159103312384,1.5,0.02,0.7,0.2,400,3.7708579716653023,3.856982448195934,0.7939123780288299
10.13584992902993,13.1673759910502,1.5,0.02,0.7,0.2,401,3.772078631993593,3.859802318101478,0.7959751494364489
10.18694694037659,13.23342914468954,1.5,0.02,0.7,0.2,402,3.7732909381754376,3.8626212294842697,0.7980054627810338
10.23851406452697,13.30009294934309,1.5,0.02,0.7,0.2,403,3.7745001344279854,3.865450952574015,0.800012524701479
10.29047209443362,13.36726567257916,1.5,0.02,0.7,0.2,404,3.775704583863445,3.8682892134089095,0.8019920616084231
10.34297465020158,13.43514614273062,1.5,0.02,0.7,0.2,405,3.776907306882285,3.8711428679663853,0.8039492991263076
10.39653468673829,13.50439342929519,1.5,0.02,0.7,0.2,406,3.7781189710772254,3.874038983606106,0.8058998402663498
10.45082860073277,13.57460115190982,1.5,0.02,0.7,0.2,407,3.779332106898238,3.876961282234331,0.8078300849221725
10.5058673783307,13.64578077726645,1.5,0.02,0.7,0.2,408,3.780545985202605,3.879908455217335,0.809738425156638
10.56183496166788,13.71816094484767,1.5,0.02,0.7,0.2,409,3.781763889142316,3.8828893017287087,0.8116291944041072
10.61809659828653,13.79092687696165,1.5,0.02,0.7,0.2,410,3.78297176361283,3.885870163522115,0.8134798304927593
10.67440503992268,13.86375555454943,1.5,0.02,0.7,0.2,411,3.7841643615052987,3.8888393826021113,0.8152810029826343
10.7314836023004,13.93759097422628,1.5,0.02,0.7,0.2,412,3.7853562313693265,3.891833257990445,0.8170546070504138
10.78910447338073,14.01213166669267,1.5,0.02,0.7,0.2,413,3.7865426681754113,3.8948417131070827,0.8187918991581158
10.84750454147105,14.08768041363837,1.5,0.02,0.7,0.2,414,3.7877270299865677,3.8978734843517095,0.8204975751581143
10.90689972496086,14.1645308306717,1.5,0.02,0.7,0.2,415,3.7889131805079965,3.9009409588086394,0.8221747027868986
10.96673831845722,14.24195525345081,1.5,0.02,0.7,0.2,416,3.7900892985134966,3.9040147934101985,0.8238053402073424
11.02719536810273,14.32018364786314,1.5,0.02,0.7,0.2,417,3.7912586483253348,3.9071043689591702,0.8253931639057218
11.08829994248489,14.39925454870473,1.5,0.02,0.7,0.2,418,3.792420769725268,3.9102104117180034,0.8269356067466203
11.14995592146564,14.47905152953874,1.5,0.02,0.7,0.2,419,3.793573514038268,3.913328251227059,0.8284287444895659
11.21236374909122,14.55982220529252,1.5,0.02,0.7,0.2,420,3.7947201197203326,3.916467843672833,0.8298755747720492
11.27580197653196,14.6419336663929,1.5,0.02,0.7,0.2,421,3.7958642257150457,3.9196411360686025,0.8312787063551349
11.34013713974419,14.72520692378965,1.5,0.02,0.7,0.2,422,3.7970030614041645,3.922843292247036,0.8326318929331743
11.40555252325495,14.80988659199629,1.5,0.02,0.7,0.2,423,3.798138338054256,3.9260799585224366,0.8339363332581388
11.47186720134176,14.89573404786539,1.5,0.02,0.7,0.2,424,3.7992663047974404,3.929344745365148,0.8351834133881673
11.53894040892255,14.98257336551443,1.5,0.02,0.7,0.2,425,3.8003830962087997,3.932628091741709,0.8363672326570428
11.60742934934346,15.07124602528785,1.5,0.02,0.7,0.2,426,3.8014988478484795,3.9359613355216916,0.8374969954357787
11.67686745100034,15.16115206528794,1.5,0.02,0.7,0.2,427,3.802604162065624,3.939322681029727,0.8385569067963213
11.74703189020821,15.25199977871645,1.5,0.02,0.7,0.2,428,3.8036946502153812,3.942700496031805,0.8395410443932729
11.81836450192196,15.34437006741367,1.5,0.02,0.7,0.2,429,3.8047754207390043,3.9461138462173806,0.8404507763021879
11.89122855911304,15.43872293611217,1.5,0.02,0.7,0.2,430,3.8058507789552354,3.949581038609295,0.8412850167752006
11.96529408561413,15.53463249690875,1.5,0.02,0.7,0.2,431,3.80691360058409,3.9530850603161793,0.842032281583732
12.04027481790338,15.63172357408102,1.5,0.02,0.7,0.2,432,3.8079575165455357,3.9566113298678007,0.8426816758778951
12.11642980471876,15.7303420479642,1.5,0.02,0.7,0.2,433,3.8089866187565273,3.960172316605401,0.843237097984263
12.19420695436059,15.83105972567012,1.5,0.02,0.7,0.2,434,3.810003564187926,3.963786919485928,0.8436902768293293
12.2733791998169,15.93357950511539,1.5,0.02,0.7,0.2,435,3.8110029650785804,3.967445193870534,0.8440296060073399
12.35376771565241,16.03767383879169,1.5,0.02,0.7,0.2,436,3.811981738016607,3.9711364874668496,0.8442534041631302
12.43569303250286,16.14375227722191,1.5,0.02,0.7,0.2,437,3.8129408020208957,3.9748765796835737,0.8443495679635628
12.51926669501015,16.25196001878976,1.5,0.02,0.7,0.2,438,3.813880204514748,3.9786674778993967,0.84431627972315
12.60468475427487,16.3625448332574,1.5,0.02,0.7,0.2,439,3.8147983039345776,3.9825197249011532,0.8441364304007093
12.69282443691539,16.47664464564149,1.5,0.02,0.7,0.2,440,3.8157028612975012,3.986468107946531,0.8438062768070258
12.78338022751591,16.5938601695531,1.5,0.02,0.7,0.2,441,3.816584788039466,3.9904982671501115,0.8433038245713048
12.87498202911865,16.71240809198247,1.5,0.02,0.7,0.2,442,3.817428588902788,3.9945495597444443,0.8426277354302601
12.96843348870837,16.83333611905075,1.5,0.02,0.7,0.2,443,3.818243240194397,3.9986556766719636,0.8417802236691756
13.06490047634434,16.95814126365795,1.5,0.02,0.7,0.2,444,3.8190313690061855,4.002865502387702,0.8407229132005931
13.16381261830786,17.08608589921539,1.5,0.02,0.7,0.2,445,3.819789358797629,4.007152420783671,0.8394679539703973
13.26488738560567,17.21679411129669,1.5,0.02,0.7,0.2,446,3.820508484242873,4.011503716598605,0.8379931599364421
13.36820581388746,17.35036020968353,1.5,0.02,0.7,0.2,447,3.821191050039184,4.015920069855801,0.836307069864489
13.47352245452148,17.4864804364365,1.5,0.02,0.7,0.2,448,3.8218281572853616,4.020389867683667,0.8343857010213335
13.58113818203752,17.6255264258422,1.5,0.02,0.7,0.2,449,3.822425120566545,4.024925005650356,0.832238416179378
13.69102757727892,17.76745238289331,1.5,0.02,0.7,0.2,450,3.8229739253906865,4.0295249445470285,0.8298336965792708
13.80534664904203,17.91504138408809,1.5,0.02,0.7,0.2,451,3.8234865218475163,4.034272700161926,0.8271363267916916
13.92375587766112,18.06784363140734,1.5,0.02,0.7,0.2,452,3.823958101421225,4.039153288652677,0.8241420565957746
14.04388403364286,18.22278378045608,1.5,0.02,0.7,0.2,453,3.824372868756569,4.044066549475708,0.8208878651141179
14.16648909918255,18.38081946036696,1.5,0.02,0.7,0.2,454,3.824731856793812,4.049042729103062,0.8173476376357367
14.29239386702243,18.54301117512907,1.5,0.02,0.7,0.2,455,3.8250394135705115,4.05411306577566,0.8135075280699388
14.42199457227815,18.70985169940677,1.5,0.02,0.7,0.2,456,3.8252932672497444,4.059290174632825,0.8093458339297045
14.55472732857234,18.88059238618243,1.5,0.02,0.7,0.2,457,3.8254895294698326,4.064549494253269,0.8048715631896128
14.690146111857,19.05463817371593,1.5,0.02,0.7,0.2,458,3.8256254568987513,4.069871742446177,0.8000930247123793
14.82893232528641,19.2328485810438,1.5,0.02,0.7,0.2,459,3.8256988160741705,4.075281590073825,0.7949766137864097
14.97181819664961,19.41614542686822,1.5,0.02,0.7,0.2,460,3.825712436138948,4.0808040172287035,0.7895086668906429
15.11817200467597,19.60367107685468,1.5,0.02,0.7,0.2,461,3.8256631255372264,4.08641258770259,0.7837028540098694
15.26697938095716,19.79409798916223,1.5,0.02,0.7,0.2,462,3.8255417044721596,4.09206671651466,0.7775630409375334
15.41852537431742,19.98776206596528,1.5,0.02,0.7,0.2,463,3.825345293285636,4.097775851736804,0.7710682609692945
15.57345195804342,20.18545989874543,1.5,0.02,0.7,0.2,464,3.8250856843085326,4.103562480468527,0.7642431963291547
15.73200022836769,20.3874643677539,1.5,0.02,0.7,0.2,465,3.8247591145375646,4.109432647009468,0.7570667507043417
15.89385312300296,20.5933214211476,1.5,0.02,0.7,0.2,466,3.8243622287351866,4.115372694295348,0.7495391602089512
16.05828390134384,20.80205787639742,1.5,0.02,0.7,0.2,467,3.823893478819312,4.121354821575271,0.7416820332655307
16.22498198892854,21.01323192359156,1.5,0.02,0.7,0.2,468,3.8233503051104964,4.127367369287462,0.733496790718076
16.39402533479205,21.22688441442706,1.5,0.02,0.7,0.2,469,3.8227287176020037,4.133411906953695,0.724965903017872
16.56477593975495,21.44215236067333,1.5,0.02,0.7,0.2,470,3.822027710072415,4.139465896233364,0.7161078836198483
16.73608434556892,21.65753511773572,1.5,0.02,0.7,0.2,471,3.821249345753933,4.145489408304948,0.706970914274338
16.90713536025083,21.87196813591186,1.5,0.02,0.7,0.2,472,3.8203969293649425,4.151455435537875,0.6975952214854482
17.07680985182515,22.08401957613453,1.5,0.02,0.7,0.2,473,3.8194766645138345,4.1573274850655295,0.6880421125533617
17.24349585428579,22.29166047749592,1.5,0.02,0.7,0.2,474,3.8184976283585956,4.163053470835478,0.678399982162459
17.40530819209517,22.49256594571941,1.5,0.02,0.7,0.2,475,3.817475806238251,4.168573397583783,0.6687927669327718
17.56027926669886,22.68434805013411,1.5,0.02,0.7,0.2,476,3.816428888004963,4.173825967132277,0.6593525244511292
17.7064855224872,22.86474241758691,1.5,0.02,0.7,0.2,477,3.8153852561675667,4.178752140294455,0.6502518239393648
17.84163183009596,23.03108768095877,1.5,0.02,0.7,0.2,478,3.8143811733778774,4.183280975370446,0.6417066577046152
17.96275476603909,23.18000906506207,1.5,0.02,0.7,0.2,479,3.813473579799732,4.18731902199634,0.6340382367661409
18.06466283521818,23.30554850844027,1.5,0.02,0.7,0.2,480,3.8127621217737024,4.190697413198031,0.6278140134603326
18.13973431054635,23.39907826468127,1.5,0.02,0.7,0.2,481,3.8124414718407778,4.1931617187524735,0.6240671081741915
18.18526470775811,23.45804610944176,1.5,0.02,0.7,0.2,482,3.8127069985838786,4.194615776980717,0.6236751569183507
18.20801388514292,23.49150894460898,1.5,0.02,0.7,0.2,483,3.8137337313386843,4.195267667872975,0.6271301970453151
18.22680144882105,23.5233618094549,1.5,0.02,0.7,0.2,484,3.815662969130859,4.195715686522873,0.6343991295641139
18.26945858047543,23.58835789550772,1.5,0.02,0.7,0.2,485,3.8185125980584487,4.196852967699637,0.6446603640977114
18.3416528796739,23.69094447182344,1.5,0.02,0.7,0.2,486,3.821583419239419,4.198913548295668,0.6548830682255626
18.42938767298309,23.81202251974291,1.5,0.02,0.7,0.2,487,3.824416796100821,4.201479795314662,0.6636503286521773
18.52129834937141,23.93713544433067,1.5,0.02,0.7,0.2,488,3.826929856270744,4.204192326869465,0.6709900377770645
18.613626425635,24.06182355216987,1.5,0.02,0.7,0.2,489,3.8291807287017545,4.2069255795103775,0.6772602748601931
18.70624897149992,24.1862557736906,1.5,0.02,0.7,0.2,490,3.8312515463002255,4.209667062915829,0.6828020618486256
18.79825648738642,24.30938273383375,1.5,0.02,0.7,0.2,491,3.8331671004331325,4.212387476143748,0.6877438651523347
18.88987006757879,24.43161544772492,1.5,0.02,0.7,0.2,492,3.834964443048741,4.215092256049483,0.6922284557090336
18.98157806278971,24.55361593062832,1.5,0.02,0.7,0.2,493,3.8366543282853676,4.217793588533405,0.6962866641716203
19.07294554256227,24.67478398691897,1.5,0.02,0.7,0.2,494,3.8382267155891094,4.220480000700429,0.6998898012195606
19.16556821290945,24.79722460365709,1.5,0.02,0.7,0.2,495,3.8397069717967924,4.223198814548127,0.7030920122025944
19.26056780096196,24.9223892622808,1.5,0.02,0.7,0.2,496,3.8411056702493402,4.225981962762386,0.7059036577985267
19.35840910461234,25.05085675501745,1.5,0.02,0.7,0.2,497,3.842420445035127,4.228843007147895,0.7083017125561674
19.45940966962735,25.18299815571856,1.5,0.02,0.7,0.2,498,3.843646028629904,4.2317902088803026,0.7102568452028671
19.56351724424966,25.31870817664802,1.5,0.02,0.7,0.2,499,3.8447743318618164,4.234822901849229,0.711737365161589
19.67239328128982,25.46012391115276,1.5,0.02,0.7,0.2,500,3.8458169362663135,4.237986074254785,0.7127446103740229
19.78547627449957,25.60647454221079,1.5,0.02,0.7,0.2,501,3.8467620984038655,4.241262786120747,0.7132485470582668
19.90113884368779,25.75563219623505,1.5,0.02,0.7,0.2,502,3.847595490033631,4.244605754175024,0.7132391455230523
20.02064726151639,25.90920231129518,1.5,0.02,0.7,0.2,503,3.8483248463047435,4.248049049345753,0.7127132754367723
20.1434661083586,26.06647489947423,1.5,0.02,0.7,0.2,504,3.8489463303405715,4.251575517530197,0.7116727433956398
20.26721722817597,26.22439204447675,1.5,0.02,0.7,0.2,505,3.849452676351199,4.255116463420458,0.7101571815478914
20.39036912074758,26.38101335850956,1.5,0.02,0.7,0.2,506,3.84984580030852,4.258627947373676,0.7082181934239573
20.51157131337816,26.53467227089902,1.5,0.02,0.7,0.2,507,3.850138644244873,4.2620717214173816,0.7059457951256621
20.62882046931715,26.68288533975034,1.5,0.02,0.7,0.2,508,3.850341813869472,4.265390785877447,0.703439409163995
20.73879850300099,26.82156609742926,1.5,0.02,0.7,0.2,509,3.850476731630481,4.268492519902592,0.7008773461828856
20.8355796639518,26.94349138299837,1.5,0.02,0.7,0.2,510,3.850583272123089,4.27121025648627,0.6985857715696384
20.91599994215488,27.04489505756745,1.5,0.02,0.7,0.2,511,3.8507031792081174,4.273457467919842,0.6968181884761798
20.98094807664548,27.12703412433948,1.5,0.02,0.7,0.2,512,3.850862902030164,4.275261380411475,0.6956531672727339
21.03428445035604,27.19482544800383,1.5,0.02,0.7,0.2,513,3.8510683682548525,4.276732656663856,0.6950037559191082
21.08031245664827,27.25357856302816,1.5,0.02,0.7,0.2,514,3.851306571893521,4.277994710277111,0.6946945168605263
21.12179489037107,27.30671491893354,1.5,0.02,0.7,0.2,515,3.851556939524883,4.279126557829074,0.694564139834012
21.15964773444957,27.35528481981902,1.5,0.02,0.7,0.2,516,3.8518062998550513,4.280156001673257,0.6945321373105007
21.19342776004157,27.39865440602237,1.5,0.02,0.7,0.2,517,3.8520343482876496,4.281072544388666,0.6945277883254865
21.22227570524075,27.43568457869123,1.5,0.02,0.7,0.2,518,3.852237518954839,4.281853852207617,0.6945591631752914
21.24604953016806,27.46638062538196,1.5,0.02,0.7,0.2,519,3.85242560889601,4.282494651758367,0.6946707233892264
21.26415479948809,27.48982936589161,1.5,0.02,0.7,0.2,520,3.852583874848649,4.28298105964596,0.6948173793121901
21.27654934822859,27.50603850123444,1.5,0.02,0.7,0.2,521,3.8527237622601707,4.283311809689618,0.6950461789146181
21.28267234759522,27.51423138893804,1.5,0.02,0.7,0.2,522,3.852833466687302,4.283471997230598,0.6953248090821627
21.28259000515559,27.51461288950353,1.5,0.02,0.7,0.2,523,3.852924239580549,4.28346257831026,0.6956973195754895
21.27550748255577,27.50613002777494,1.5,0.02,0.7,0.2,524,3.8529861976686797,4.283262484674015,0.6961452455642569
21.26154304709382,27.48895790972343,1.5,0.02,0.7,0.2,525,3.8530323053741986,4.282874172320787,0.6967179887395603
21.23979109249117,27.46193887678017,1.5,0.02,0.7,0.2,526,3.8530544232217014,4.282272773377888,0.6974078590724702
21.20933862478457,27.42392795861504,1.5,0.02,0.7,0.2,527,3.8530531559160677,4.281432442594717,0.6982431206331083
21.16902007103531,27.37345449166632,1.5,0.02,0.7,0.2,528,3.85302615133121,4.280320095502344,0.6992474493860478
21.11734024136262,27.30877618710309,1.5,0.02,0.7,0.2,529,3.8529714915727213,4.278891581318219,0.7004573245362182
21.05215122637916,27.22688989881088,1.5,0.02,0.7,0.2,530,3.8528834053614056,4.277087957826955,0.701908603182221
20.97227502234646,27.12596147767096,1.5,0.02,0.7,0.2,531,3.8527753895406986,4.274875808670171,0.7036886890561773
20.87412200057197,27.00363858828911,1.5,0.02,0.7,0.2,532,3.8526159995031697,4.272130426125576,0.705796511450656
20.75073441364553,26.84781950954547,1.5,0.02,0.7,0.2,533,3.852386543218085,4.268680855147731,0.7083282572881606
20.59662452067436,26.65275683459211,1.5,0.02,0.7,0.2,534,3.852044776517113,4.264349141417276,0.7112929042147293
20.41834647240288,26.42666323121592,1.5,0.02,0.7,0.2,535,3.8516035393188215,4.259302648653992,0.7145744481848469
20.22932438199701,26.18649561891035,1.5,0.02,0.7,0.2,536,3.851088499894023,4.253909162226024,0.717907776913622
20.03751575108566,25.94296669297047,1.5,0.02,0.7,0.2,537,3.850518768612522,4.248383202989021,0.7211548110246206
19.85630723853404,25.71069466693057,1.5,0.02,0.7,0.2,538,3.850047457959037,4.243134148074899,0.7245186233248014
19.66645797929027,25.4692963025323,1.5,0.02,0.7,0.2,539,3.849418025358926,4.237566742773138,0.7275682982261193
19.47604664082266,25.22604893794174,1.5,0.02,0.7,0.2,540,3.8487442937627216,4.231941314542136,0.7304988000723011
19.29151843371727,24.99007578610749,1.5,0.02,0.7,0.2,541,3.8480572620453652,4.226440361901628,0.7332516258433868
19.11202860082262,24.76140174230109,1.5,0.02,0.7,0.2,542,3.8473546927089144,4.2210305455652595,0.7358511648339519
18.95062971615328,24.55542478475371,1.5,0.02,0.7,0.2,543,3.8468278592394727,4.216122929421724,0.7386514470997209
18.77672685590305,24.33166015007276,1.5,0.02,0.7,0.2,544,3.8461080620430024,4.210813116030077,0.7410820717054858
18.60001295484125,24.10322174202581,1.5,0.02,0.7,0.2,545,3.8453412483953233,4.205379888551975,0.7434480445928704
18.43004787542404,23.88496829757421,1.5,0.02,0.7,0.2,546,3.84457410784659,4.200089702807488,0.7456696681424242
18.26436311668085,23.67217975030744,1.5,0.02,0.7,0.2,547,3.843807435402489,4.1948865623953475,0.7478061187781627
18.10141480412094,23.46254581433304,1.5,0.02,0.7,0.2,548,3.8430283931877938,4.189728652175427,0.749847860139301
17.94407448363006,23.26066194340667,1.5,0.02,0.7,0.2,549,3.8422730806937553,4.184697050603468,0.751858211735105
17.78567405774976,23.0557462285168,1.5,0.02,0.7,0.2,550,3.8414783591307353,4.179609033272506,0.7537673428139867
17.62905789340056,22.85467317175414,1.5,0.02,0.7,0.2,551,3.840668150886204,4.17451586365929,0.7556196794490775
17.47421369220951,22.6545744188692,1.5,0.02,0.7,0.2,552,3.8398497561706075,4.169452391468171,0.7574095727778121
17.32149594718541,22.45831897503446,1.5,0.02,0.7,0.2,553,3.839017717400496,4.164402300585923,0.7591315085796152
17.21820528119398,22.32503055309606,1.5,0.02,0.7,0.2,554,3.838860192252194,4.160956627011508,0.7619470815608211
17.05595211526698,22.11455295572864,1.5,0.02,0.7,0.2,555,3.8379552574525264,4.155536069122688,0.7637479002509693
16.87796314503154,21.88403217032393,1.5,0.02,0.7,0.2,556,3.8369273284039647,4.149526743276631,0.7656455099027804
16.71714520213674,21.67613124658165,1.5,0.02,0.7,0.2,557,3.8359712844569707,4.144039998841076,0.7673080785503598
16.5675995803803,21.48320682194378,1.5,0.02,0.7,0.2,558,3.835061626195269,4.138885786539557,0.7688236578050729
16.42422191814779,21.29780319362304,1.5,0.02,0.7,0.2,559,3.8341722961146303,4.133907423841293,0.7702447001807806
16.28442572382884,21.11677878891172,1.5,0.02,0.7,0.2,560,3.8332883015363888,4.129015244337593,0.7716009013715143
16.1459483168958,20.93763709942146,1.5,0.02,0.7,0.2,561,3.8323955415880917,4.124127365997015,0.7729177399189046
16.0083310804021,20.7595655508758,1.5,0.02,0.7,0.2,562,3.8314914718646023,4.11922979976239,0.7741990272595731
15.87283386191763,20.58422380758045,1.5,0.02,0.7,0.2,563,3.8305848688917314,4.114367970654236,0.7754344444762421
15.7394864096145,20.41164671701443,1.5,0.02,0.7,0.2,564,3.8296780751838844,4.109544157584501,0.7766310827145899
15.60866708315803,20.24231529519576,1.5,0.02,0.7,0.2,565,3.8287744144743128,4.1047735838597665,0.777787013601037
15.47964657934089,20.07529364627916,1.5,0.02,0.7,0.2,566,3.8278690072444954,4.100030559715312,0.7789084088262219
15.35116490582373,19.90907810755058,1.5,0.02,0.7,0.2,567,3.8269512737899594,4.09526765920465,0.7800003755187407
15.22416141374257,19.74532180657329,1.5,0.02,0.7,0.2,568,3.8260290077299612,4.090513386126326,0.7810655843570721
15.0974657093947,19.5811972633834,1.5,0.02,0.7,0.2,569,3.8250923229647897,4.085743637131672,0.7820885942910405
14.97190998084065,19.41881913624113,1.5,0.02,0.7,0.2,570,3.8241510164599095,4.080974375785889,0.7830926296173002
14.84730622881322,19.25739958904074,1.5,0.02,0.7,0.2,571,3.8232034012986236,4.076206983546288,0.7840695612117574
14.7230735564715,19.09610589959361,1.5,0.02,0.7,0.2,572,3.8222454626171443,4.071421282280142,0.7850235077519877
14.59997584269268,18.93663387816247,1.5,0.02,0.7,0.2,573,3.821278591981535,4.066634933442844,0.7859423740468461
14.47740871269589,18.77753719002053,1.5,0.02,0.7,0.2,574,3.8203020058156683,4.061834996253972,0.786835966572254
14.355959307537,18.6205391758234,1.5,0.02,0.7,0.2,575,3.8193157831588422,4.05703026304164,0.7876958091572832
14.2358477837011,18.46497995747358,1.5,0.02,0.7,0.2,576,3.8183269195626703,4.0522446658716165,0.7885259519426157
14.11670808341958,18.31136019092768,1.5,0.02,0.7,0.2,577,3.8173291525832025,4.047448038615268,0.789331511281097
13.99857617608398,18.15878747282808,1.5,0.02,0.7,0.2,578,3.816326131015094,4.042657067518859,0.7901103961050693
13.88155020118531,18.00609959546167,1.5,0.02,0.7,0.2,579,3.8153232416672336,4.037898452142552,0.7908574540899359
13.76609341148247,17.85660135780637,1.5,0.02,0.7,0.2,580,3.8143163649436858,4.033146530475089,0.7915818688632085
13.65081190624868,17.70733570764977,1.5,0.02,0.7,0.2,581,3.8132927069220854,4.028363119579332,0.7922706476725622
13.53658226944677,17.55943865807232,1.5,0.02,0.7,0.2,582,3.8122623760009584,4.023585129508881,0.7929273140585075
13.42372791664296,17.41333716257306,1.5,0.02,0.7,0.2,583,3.811229952739565,4.018825680525915,0.7935570699958974
13.31100108397124,17.26742129992358,1.5,0.02,0.7,0.2,584,3.810184291671514,4.014033514168195,0.7941665920814147
13.19921526010874,17.12268121334562,1.5,0.02,0.7,0.2,585,3.8091330620277204,4.009242858914638,0.7947523287597962
13.08812243559614,16.97891558145881,1.5,0.02,0.7,0.2,586,3.8080739137085557,4.0044420488663945,0.7953165455313831
12.97774771427594,16.83610522318668,1.5,0.02,0.7,0.2,587,3.8070034476048837,3.999632649697552,0.7958440802855362
12.86896477135275,16.69537132760903,1.5,0.02,0.7,0.2,588,3.8059322764541594,3.9948541579619654,0.7963378874182246
12.76116722630155,16.55592979005656,1.5,0.02,0.7,0.2,589,3.804856554125581,3.99008020156653,0.7968089544993479
12.65576706080429,16.41972454329963,1.5,0.02,0.7,0.2,590,3.8037911455644977,3.985372210310292,0.7972553115112527
12.55126429251465,16.28468996570257,1.5,0.02,0.7,0.2,591,3.8027183461331022,3.9806668748122647,0.7976694492836974
12.44761179552613,16.15065089185619,1.5,0.02,0.7,0.2,592,3.8016401366722703,3.9759641233717313,0.7980593628809044
12.34554207044506,16.01868105824225,1.5,0.02,0.7,0.2,593,3.8005649327790993,3.971296229254858,0.7984264414250941
12.24417265296165,15.88770502230503,1.5,0.02,0.7,0.2,594,3.799483979405155,3.9666220078255616,0.7987768493586135
12.14429352605914,15.7586097121375,1.5,0.02,0.7,0.2,595,3.7984068874360712,3.961980861081451,0.7991096282263881
12.04574632741135,15.63125941515875,1.5,0.02,0.7,0.2,596,3.7973333074979654,3.9573647670423115,0.7994314025131033
11.94741929984482,15.50422546062849,1.5,0.02,0.7,0.2,597,3.7962464329033043,3.9527222888561804,0.7997263823205876
11.85077576361129,15.37945606369605,1.5,0.02,0.7,0.2,598,3.795166874121136,3.948122119502386,0.8000083165457115
11.75556248444804,15.25651449622311,1.5,0.02,0.7,0.2,599,3.7940905869028074,3.943554376137263,0.8002709110375216
11.6609596763103,15.13434094999073,1.5,0.02,0.7,0.2,600,3.793009118847826,3.938981191303432,0.8005182236514249
11.56727147494735,15.01339292733245,1.5,0.02,0.7,0.2,601,3.7919285985192164,3.9344164810718225,0.8007608525685973
11.47522671761989,14.89459035353765,1.5,0.02,0.7,0.2,602,3.790858460712348,3.9298961572902757,0.8010006251226696
11.38476041574362,14.77784557916742,1.5,0.02,0.7,0.2,603,3.789799037193181,3.9254188962104806,0.8012401921257951
11.29536816906495,14.66251451820248,1.5,0.02,0.7,0.2,604,3.788742765418248,3.920960421269498,0.8014735799670454
11.20724322496409,14.54884031902664,1.5,0.02,0.7,0.2,605,3.7876957212299818,3.9165321973521925,0.8017136271312875
11.1201377324524,14.43650409876137,1.5,0.02,0.7,0.2,606,3.7866535076999934,3.9121209277352142,0.8019560426283117
11.03416123641297,14.32564707118289,1.5,0.02,0.7,0.2,607,3.78562089793811,3.9077335174707657,0.8022130138452274
10.94900110988215,14.21586984649179,1.5,0.02,0.7,0.2,608,3.7845941714153537,3.903354849054082,0.8024847761708873
10.86523523148421,14.10791713572796,1.5,0.02,0.7,0.2,609,3.7835835233997623,3.8990150322482187,0.8027820009143843
10.78268011453137,14.00154408563988,1.5,0.02,0.7,0.2,610,3.7825880860346928,3.894705715385975,0.80310956831635
10.70117368979429,13.8965127223784,1.5,0.02,0.7,0.2,611,3.781609246537457,3.8904199813823244,0.803479944331058
10.62085259996684,13.79307616290703,1.5,0.02,0.7,0.2,612,3.7806524659101024,3.886163577298581,0.8039092259053799
10.54143305586126,13.69081043082677,1.5,0.02,0.7,0.2,613,3.779718623367726,3.8819245808899927,0.804412852144464
10.46376794113302,13.59084584331505,1.5,0.02,0.7,0.2,614,3.778824517643857,3.877747838783067,0.8050131713559148
10.38819149891203,13.49361881313404,1.5,0.02,0.7,0.2,615,3.7779845008361543,3.873652844612639,0.805748098295531
10.31501974367445,13.39955071124256,1.5,0.02,0.7,0.2,616,3.7772164133806774,3.869658269875065,0.8066703232111982
10.24516679388097,13.30978707338773,1.5,0.02,0.7,0.2,617,3.77655340084608,3.865817464047237,0.8078590789006359
10.17987949278157,13.22597759480822,1.5,0.02,0.7,0.2,618,3.776048832166208,3.8622004235989698,0.8094578446294151
10.12296606549348,13.15302893662961,1.5,0.02,0.7,0.2,619,3.7758226724718735,3.859022057533783,0.8117315719172652
10.08325431962468,13.10238225510136,1.5,0.02,0.7,0.2,620,3.776158293167325,3.8567796724165477,0.8153164398163076
10.07957552150422,13.10234462284946,1.5,0.02,0.7,0.2,621,3.776834931063045,3.8564555764287856,0.8183470873869467
10.10262601669672,13.1283830389328,1.5,0.02,0.7,0.2,622,3.778401267421724,3.8577971884124693,0.8232708208379779
10.16492801201705,13.20935800303714,1.5,0.02,0.7,0.2,623,3.7807827677833195,3.8612126382035448,0.8293813724932867
10.27409098225384,13.35091106426259,1.5,0.02,0.7,0.2,624,3.7842384994419866,3.8671694276009347,0.8372475097305628
10.42812634822148,13.55055969503585,1.5,0.02,0.7,0.2,625,3.788704978754004,3.875475800705418,0.8468070538741532
10.63116987938701,13.81373544757217,1.5,0.02,0.7,0.2,626,3.794361285684243,3.8862519946423184,0.8586560876582058
10.88914915717306,14.14837200355566,1.5,0.02,0.7,0.2,627,3.801527355241702,3.8996442563303404,0.8739281042000184
11.19282042728507,14.542863719478,1.5,0.02,0.7,0.2,628,3.8104570191709213,3.9149858107229445,0.8943052055242922
11.43097302238104,14.85310320290912,1.5,0.02,0.7,0.2,629,3.819033328280451,3.926667098762302,0.9169291539230549
11.41152494885475,14.8289339653395,1.5,0.02,0.7,0.2,630,3.8216165933244772,3.9256132838703284,0.9283160289911322
11.23822409132904,14.60473419264727,1.5,0.02,0.7,0.2,631,3.819529634695106,3.9169811904254153,0.9286002879185608
11.06821092991644,14.38493460117092,1.5,0.02,0.7,0.2,632,3.817536336393777,3.90838202442411,0.9292262607145522
10.94690559442471,14.22825082424093,1.5,0.02,0.7,0.2,633,3.816305811806711,3.9021596865718973,0.9305265002184987
10.86761552623963,14.12588898678433,1.5,0.02,0.7,0.2,634,3.8155696498597034,3.8980531604005604,0.9316883786018071
10.81583812851181,14.05906334623207,1.5,0.02,0.7,0.2,635,3.815106120521155,3.8953557583939427,0.9325316632542306
10.78045942903441,14.01340818998235,1.5,0.02,0.7,0.2,636,3.8147893366782095,3.8935049009763336,0.9331153853000563
10.75231959966878,13.97709640402413,1.5,0.02,0.7,0.2,637,3.8145346005078493,3.8920288771112115,0.9335724644837387
10.72373544733851,13.94021290101817,1.5,0.02,0.7,0.2,638,3.814271560456099,3.890525733557144,0.9340234478308049
10.6946972735108,13.90274511677827,1.5,0.02,0.7,0.2,639,3.8139998456899167,3.8889950291566566,0.9344672931665615
10.67231333613114,13.87386419394619,1.5,0.02,0.7,0.2,640,3.8137873099937853,3.8878123606634256,0.9347998188752664
10.65296164270057,13.84889316555885,1.5,0.02,0.7,0.2,641,3.8136023852473544,3.8867880346561536,0.9350844458968164
10.63532165218773,13.82613533634709,1.5,0.02,0.7,0.2,642,3.8134331357582445,3.8858526939940714,0.9353427886024599
10.61577149590308,13.80091281395232,1.5,0.02,0.7,0.2,643,3.813245287790329,3.884814443579661,0.9356296471452081
10.5939717294907,13.77279000247322,1.5,0.02,0.7,0.2,644,3.813034660719708,3.8836545518601393,0.9359470305822439
10.57604468840123,13.74966421299592,1.5,0.02,0.7,0.2,645,3.8128627148798784,3.8826988167045133,0.9362149823785553
10.55986220200047,13.72878879752654,1.5,0.02,0.7,0.2,646,3.8127081119175283,3.881834863419376,0.9364605238142878
10.5446237434723,13.70913258182875,1.5,0.02,0.7,0.2,647,3.8125624200100883,3.881020401003872,0.9366922186000335
10.5299337983049,13.69018600974406,1.5,0.02,0.7,0.2,648,3.81242295200167,3.880233745424846,0.9369210021453865
10.51284241632992,13.66814301609096,1.5,0.02,0.7,0.2,649,3.8122614088664903,3.8793171837044595,0.9371913913250558
10.4929788417211,13.64252627856419,1.5,0.02,0.7,0.2,650,3.812075138340255,3.8782500836154123,0.9375134093091612
10.47648956913879,13.62125753512667,1.5,0.02,0.7,0.2,651,3.8119243879759863,3.87736281599858,0.9377976754689168
10.46154233421837,13.60198322187748,1.5,0.02,0.7,0.2,652,3.8117853660211205,3.8765573223876455,0.9380470812603909
10.4473672224303,13.58370469103006,1.5,0.02,0.7,0.2,653,3.8116534307658476,3.875792545419533,0.9382841172074117
10.43361324129581,13.56597069870431,1.5,0.02,0.7,0.2,654,3.8115258095131686,3.875049369622316,0.9385168079939098
10.42011567210545,13.54857056015615,1.5,0.02,0.7,0.2,655,3.811401753826234,3.8743190394322378,0.9387509154362492
10.40679374678575,13.5314084567759,1.5,0.02,0.7,0.2,656,3.811278990906422,3.87359787091603,0.9389810322732102
10.39102200964502,13.51107597722703,1.5,0.02,0.7,0.2,657,3.8111343076202466,3.8727421325565987,0.9392580374879397
10.37236939828757,13.48703050326933,1.5,0.02,0.7,0.2,658,3.810963788608514,3.871728665485734,0.9395894285118767
10.35681714303202,13.46698397705157,1.5,0.02,0.7,0.2,659,3.8108218551100936,3.870882181492274,0.939868178511655
10.3426494980112,13.4487218105836,1.5,0.02,0.7,0.2,660,3.8106926917325152,3.870110051921258,0.9401236545723559
10.32921981261061,13.43141145930018,1.5,0.02,0.7,0.2,661,3.810571146624104,3.869377172694738,0.9403703533652307
10.3162206003259,13.41465638082038,1.5,0.02,0.7,0.2,662,3.8104520561158575,3.8686668642517894,0.9406042997751922
10.30344875106983,13.39819433027123,1.5,0.02,0.7,0.2,663,3.810336324222784,3.86796832186252,0.9408399145921685
10.29084902356664,13.38195509745134,1.5,0.02,0.7,0.2,664,3.810220971909502,3.8672782910913415,0.9410685361102185
10.27835308940785,13.36585132309599,1.5,0.02,0.7,0.2,665,3.810107828620586,3.86659290832105,0.941301345724846
10.2659679108864,13.34988966725309,1.5,0.02,0.7,0.2,666,3.8099946430502967,3.8659130025986572,0.9415285091660834
10.25365407918046,13.33401519178011,1.5,0.02,0.7,0.2,667,3.809883499478003,3.865236291704511,0.9417606457710537
10.24143267611724,13.31826616074231,1.5,0.02,0.7,0.2,668,3.8097715477354837,3.86456354800118,0.9419855825043073
10.22926320007993,13.3025855942748,1.5,0.02,0.7,0.2,669,3.8096614929023995,3.863893042166726,0.9422158690064241
10.21716851579663,13.28700592686935,1.5,0.02,0.7,0.2,670,3.809553349733304,3.8632258065749845,0.9424505319217829
10.20515082668822,13.27152237226516,1.5,0.02,0.7,0.2,671,3.8094401367586226,3.862562290901638,0.9426611956964053
10.19311450260945,13.25601333583738,1.5,0.02,0.7,0.2,672,3.809329333319542,3.861896869262154,0.942883403579568
10.1811351191254,13.24057893954466,1.5,0.02,0.7,0.2,673,3.809220031930906,3.861233862958036,0.9431092043291404
10.16683278343666,13.2221520013652,1.5,0.02,0.7,0.2,674,3.809089370234273,3.860441316058794,0.943379104441853
10.14975005647088,13.20014187664148,1.5,0.02,0.7,0.2,675,3.808932827281132,3.859493233700107,0.943701014987975
10.12933929238745,13.17384677571588,1.5,0.02,0.7,0.2,676,3.80874566748864,3.8583587344862336,0.9440868750318779
10.10494460499244,13.14242227051598,1.5,0.02,0.7,0.2,677,3.8085211846267817,3.8569996542939284,0.9445480237767526
10.07577812062361,13.10485300921668,1.5,0.02,0.7,0.2,678,3.8082516770376356,3.8553704584775113,0.9450991892365856
10.04088002268103,13.0599040819411,1.5,0.02,0.7,0.2,679,3.8079273803482168,3.853415231614524,0.9457572293418969
9.999051893469279,13.00603516434067,1.5,0.02,0.7,0.2,680,3.8075358113491684,3.8510628402025704,0.9465433447576574
9.948858971670388,12.9413993544088,1.5,0.02,0.7,0.2,681,3.8070604696902324,3.8482279688947547,0.9474768494297299
9.888429359465672,12.86359475328867,1.5,0.02,0.7,0.2,682,3.8064798770823343,3.8447963025927447,0.9485861453001461
9.820048163882847,12.77556240859755,1.5,0.02,0.7,0.2,683,3.8058116583479116,3.840888400993587,0.9498211719616118
9.746456045248518,12.68083900288103,1.5,0.02,0.7,0.2,684,3.805078480193171,3.836654137874617,0.9511227224616204
9.669921867499406,12.58234854797154,1.5,0.02,0.7,0.2,685,3.804300747854859,3.8322175191336014,0.9524484118493888
9.591815210988832,12.48185333621589,1.5,0.02,0.7,0.2,686,3.803483921089306,3.8276552276513125,0.9537433962694639
9.513369054386036,12.3809504622075,1.5,0.02,0.7,0.2,687,3.8026480509105327,3.8230368228695104,0.9550183203361726
9.434944626736463,12.28008291768914,1.5,0.02,0.7,0.2,688,3.8017904759461887,3.818383532785548,0.9562413105627598
9.356622079912338,12.17936502913761,1.5,0.02,0.7,0.2,689,3.800910817030995,3.8136993662306664,0.9574068414568653
9.278802086726696,12.07931167726958,1.5,0.02,0.7,0.2,690,3.800019835337046,3.809006930759544,0.9585353501521918
9.201613116350009,11.98008855010285,1.5,0.02,0.7,0.2,691,3.7991109630128603,3.804315962760765,0.959590828854231
9.125442787463218,11.88219623092217,1.5,0.02,0.7,0.2,692,3.798199840315654,3.7996494236736393,0.9606128771525306
9.049777135744966,11.78498192071152,1.5,0.02,0.7,0.2,693,3.797268993289673,3.7949765738595387,0.9615623388627077
8.974561775547944,11.68835488962956,1.5,0.02,0.7,0.2,694,3.7963223872262586,3.790294424929812,0.9624580635387752
8.900132970041657,11.59276361600416,1.5,0.02,0.7,0.2,695,3.7953677944808266,3.7856232961265386,0.9633108213603216
8.826315235215372,11.49796975272072,1.5,0.02,0.7,0.2,696,3.794400350437769,3.7809542451971163,0.9641100961175126
8.75339385614827,11.40434082331339,1.5,0.02,0.7,0.2,697,3.7934254133825234,3.776304013515627,0.9648605795780207
8.681347518738281,11.31186063198689,1.5,0.02,0.7,0.2,698,3.7924417858915853,3.7716727173470614,0.9655573657828312
8.609817234897573,11.22005756662379,1.5,0.02,0.7,0.2,699,3.791446722106387,3.767038537700922,0.966211290288179
8.53941681787264,11.12971937029646,1.5,0.02,0.7,0.2,700,3.7904486179914114,3.7624406808909963,0.9668167306382036
8.469800441629477,11.04039935632013,1.5,0.02,0.7,0.2,701,3.789444592126559,3.7578587802736045,0.9673825277961856
8.400884409284853,10.95199946991483,1.5,0.02,0.7,0.2,702,3.7884327462986587,3.7532861052343924,0.9679078195237949
8.332793818913066,10.8646694789065,1.5,0.02,0.7,0.2,703,3.7874159027563072,3.7487326930595333,0.9683938575292483
8.265171539985037,10.77796466603072,1.5,0.02,0.7,0.2,704,3.7863898495822745,3.7441749420526627,0.968847395839988
8.198513095366108,10.69249984142261,1.5,0.02,0.7,0.2,705,3.78535971707016,3.7396467253488486,0.9692550824953438
8.132642203211562,10.60806374704921,1.5,0.02,0.7,0.2,706,3.7843265279543257,3.735137179789225,0.9696318715916299
8.067294011695868,10.52431292502068,1.5,0.02,0.7,0.2,707,3.783284547775878,3.7306277583581515,0.969973372308913
8.002862383290209,10.44174232581384,1.5,0.02,0.7,0.2,708,3.782241935260795,3.7261474250439774,0.970283255562755
7.939177513549308,10.36014895001024,1.5,0.02,0.7,0.2,709,3.781195541760891,3.7216838931946756,0.9705612134124437
7.876694361826281,10.2801014161837,1.5,0.02,0.7,0.2,710,3.7801633990913404,3.7172716919985196,0.9708448439303939
7.814717274553416,10.20071859962554,1.5,0.02,0.7,0.2,711,3.7791119508975273,3.712861142626493,0.9710496005271683
7.753141800144221,10.12185965335224,1.5,0.02,0.7,0.2,712,3.77805450180504,3.708445450717377,0.9712354960663379
7.692192527877247,10.04381163428752,1.5,0.02,0.7,0.2,713,3.7769930867526043,3.7040407521344454,0.9713945344395234
7.631612177191837,9.96625070293615,1.5,0.02,0.7,0.2,714,3.7759236779632297,3.6996299333822873,0.9715277180341826
7.571594723606204,9.889412562512234,1.5,0.02,0.7,0.2,715,3.7748488904321396,3.6952261702802547,0.9716323310118572
7.512425721041496,9.81367760983552,1.5,0.02,0.7,0.2,716,3.773774688125357,3.6908512371082276,0.9717104549567529
7.453880004510013,9.738746744950442,1.5,0.02,0.7,0.2,717,3.77269712194668,3.686489401779238,0.9717620255710342
7.396025082984809,9.664711454004948,1.5,0.02,0.7,0.2,718,3.7716176660034564,3.6821457484761484,0.9717878551012287
7.338600839833036,9.591231627719127,1.5,0.02,0.7,0.2,719,3.7705324818143056,3.6778028644053435,0.9717900024154328
7.281861066684334,9.518634825968205,1.5,0.02,0.7,0.2,720,3.769445392528079,3.673478025522486,0.9717664841533816
7.225901056409789,9.447043057002716,1.5,0.02,0.7,0.2,721,3.7683660089413653,3.6691815123521643,0.9717454629768509
7.170434904918479,9.376088813214908,1.5,0.02,0.7,0.2,722,3.7672720783873404,3.6648908926393013,0.9716603604736139
7.115651275972645,9.306014033649063,1.5,0.02,0.7,0.2,723,3.7661810402321385,3.660620656421354,0.9715664440707529
7.061602203763218,9.236888787303847,1.5,0.02,0.7,0.2,724,3.7650963048678316,3.656375621600616,0.9714725374342648
7.007883071867738,9.16819338164311,1.5,0.02,0.7,0.2,725,3.7639984434257316,3.652125862017617,0.9713308512488618
6.954387457721365,9.099782941336693,1.5,0.02,0.7,0.2,726,3.762892067664245,3.6478626615192637,0.9711685487012688
6.901462750486913,9.032107451118542,1.5,0.02,0.7,0.2,727,3.7617842204593552,3.6436130638001485,0.9709867576008248
6.849209959276877,8.965298747213485,1.5,0.02,0.7,0.2,728,3.7606765641343727,3.6393869303283233,0.9707822657727213
6.797424380733723,8.899091881440194,1.5,0.02,0.7,0.2,729,3.7595683745464488,3.6351664562211257,0.9705699815282209
6.745912737499372,8.833240230840923,1.5,0.02,0.7,0.2,730,3.7584498994935194,3.630938219052648,0.9703243184849822
6.695002549199685,8.768163878495464,1.5,0.02,0.7,0.2,731,3.757331638268199,3.626727006094233,0.9700624865421156
6.644640987828774,8.703790506296224,1.5,0.02,0.7,0.2,732,3.7562128373138446,3.6225311798515523,0.9697831089673806
6.594674737720664,8.639917472004555,1.5,0.02,0.7,0.2,733,3.755089944117202,3.6183381015727534,0.9694846144596068
6.545407801769763,8.576946074607655,1.5,0.02,0.7,0.2,734,3.7539700832032676,3.6141729781549277,0.9691702942216964
6.496711674539307,8.514713114273773,1.5,0.02,0.7,0.2,735,3.752849728815489,3.6100263452603545,0.9688355095651539
6.448629613834203,8.453260068607275,1.5,0.02,0.7,0.2,736,3.751732068327513,3.605902329234417,0.9684888836391873
6.400891616366469,8.392249652222569,1.5,0.02,0.7,0.2,737,3.7506093334137995,3.6017773115473264,0.9681229616714253
6.353398218392575,8.3315550352782,1.5,0.02,0.7,0.2,738,3.749481182050286,3.597644822431778,0.9677428453329198
6.306727375087629,8.271913101669963,1.5,0.02,0.7,0.2,739,3.748357865563003,3.5935533326423115,0.9673410691732518
6.260179182724567,8.212433388958553,1.5,0.02,0.7,0.2,740,3.747226395076607,3.5894440053218344,0.9669245145481477
6.213954335013234,8.153361759991505,1.5,0.02,0.7,0.2,741,3.7460888066484883,3.5853334618729154,0.9664847042845902
6.168557857096554,8.095347420083387,1.5,0.02,0.7,0.2,742,3.744959763847713,3.5812672699314683,0.966034725022934
6.123755303029712,8.038095065116044,1.5,0.02,0.7,0.2,743,3.7438397435940844,3.577225789766722,0.9655961241731681
6.079347715281003,7.9813488206207,1.5,0.02,0.7,0.2,744,3.742711918448125,3.5731921502803505,0.9651184630757021
6.035068880830498,7.924766924663915,1.5,0.02,0.7,0.2,745,3.7415733393554715,3.569140954238196,0.9646153427472436
5.991128189264113,7.868610650407637,1.5,0.02,0.7,0.2,746,3.7404320293462843,3.5650925869165038,0.9640984700321856
5.947772106693742,7.813211762146699,1.5,0.02,0.7,0.2,747,3.739296182555625,3.5610688822015963,0.9635787875844559
5.904866951526344,7.758381186876128,1.5,0.02,0.7,0.2,748,3.7381585776737896,3.5570598067020818,0.9630374435566287
5.862614408614768,7.704380668193363,1.5,0.02,0.7,0.2,749,3.737024175572885,3.5530832284753617,0.962476413379732
5.820887854717185,7.651055800857137,1.5,0.02,0.7,0.2,750,3.7358947397477813,3.54912875692393,0.9619131416307486
5.779374551975907,7.597999469550427,1.5,0.02,0.7,0.2,751,3.734760789656579,3.545167639407198,0.9613384587826699
5.738445094888593,7.545691005735883,1.5,0.02,0.7,0.2,752,3.7336264307971714,3.541234976256166,0.9607336864960748
5.698064114000898,7.494073508538985,1.5,0.02,0.7,0.2,753,3.7324986794866626,3.537328675910833,0.9601289815993695
5.658351378450052,7.443316868660784,1.5,0.02,0.7,0.2,754,3.731378914961967,3.5334592861687972,0.9595193132426215
5.619097036672929,7.39313885210025,1.5,0.02,0.7,0.2,755,3.7302623736462124,3.529609935655954,0.9589024984924488
5.580088407218618,7.343277823340655,1.5,0.02,0.7,0.2,756,3.7291400054023187,3.52575820202586,0.9582647591469666
5.541355102418677,7.293763262295975,1.5,0.02,0.7,0.2,757,3.7280157160081466,3.5219081029089003,0.957617700687239
5.502891123626195,7.244588512028502,1.5,0.02,0.7,0.2,758,3.726889457632652,3.5180589285095776,0.9569618415845842
5.464841860411441,7.195944919620979,1.5,0.02,0.7,0.2,759,3.7257615790405105,3.514224360764853,0.956284894960742
5.426956968929066,7.147506053177009,1.5,0.02,0.7,0.2,760,3.7246287879337987,3.5103808629229474,0.955597228375801
5.389293817817362,7.099349347400742,1.5,0.02,0.7,0.2,761,3.7234919345546507,3.5065344085664343,0.9548962692157204
5.351722922174575,7.0513050054782,1.5,0.02,0.7,0.2,762,3.722352437758088,3.5026714700853856,0.9542012205105189
5.314403226027991,7.003582745336349,1.5,0.02,0.7,0.2,763,3.7212066234830656,3.498808042673793,0.953481390822023
5.277565106666868,6.95646982630169,1.5,0.02,0.7,0.2,764,3.720067359351647,3.494969297789768,0.9527630791803718
5.240921207364178,6.909599752908541,1.5,0.02,0.7,0.2,765,3.7189155476753637,3.491124633240956,0.9520004970240521
5.204335806910418,6.862804576143926,1.5,0.02,0.7,0.2,766,3.7177530411644346,3.4872595082851663,0.9512155959361276
5.167896772196741,6.81619222625263,1.5,0.02,0.7,0.2,767,3.7165856318407977,3.4833839332492134,0.9504215336775285
5.131733112726762,6.769921420696945,1.5,0.02,0.7,0.2,768,3.7154158027212363,3.4795113577312877,0.9496147927172088
5.09591863761412,6.724102765838595,1.5,0.02,0.7,0.2,769,3.7142472080554945,3.475649034466581,0.9488027373189505
5.06020773224247,6.678400284505257,1.5,0.02,0.7,0.2,770,3.7130740005570204,3.471773527179323,0.9479854146123113
5.024710713120415,6.63297578442184,1.5,0.02,0.7,0.2,771,3.711894431264981,3.4678937119252717,0.9471469526982061
4.989336695462452,6.587700599883282,1.5,0.02,0.7,0.2,772,3.7107092042280487,3.464002184093801,0.9462975723819469
4.954266363996148,6.542812525837861,1.5,0.02,0.7,0.2,773,3.7095238276770752,3.460116874912865,0.9454413753589876
4.919646514393998,6.498486110245985,1.5,0.02,0.7,0.2,774,3.7083391096098333,3.4562558987837146,0.9445634792191705
4.885026314906485,6.454164441091969,1.5,0.02,0.7,0.2,775,3.7071421465732057,3.452368007621208,0.943663518235166
4.850426013229728,6.409857220534491,1.5,0.02,0.7,0.2,776,3.705934179161963,3.4484553878942052,0.9427442683172002
4.815878416864978,6.365619661856675,1.5,0.02,0.7,0.2,777,3.7047185979045536,3.4445216582306273,0.9418156729511394
4.781501738997907,6.321588125360154,1.5,0.02,0.7,0.2,778,3.703498903642371,3.4405804499644836,0.9408781041685516
4.74740833073024,6.277913928082466,1.5,0.02,0.7,0.2,779,3.70227584684958,3.4366459714415654,0.9399203555203084
4.713664809969244,6.234680013777383,1.5,0.02,0.7,0.2,780,3.701051729145854,3.4327232115079807,0.9389466446389871
4.680086212702756,6.191659624097166,1.5,0.02,0.7,0.2,781,3.6998339015731485,3.4287936727254555,0.9380048731306898
4.646953085074397,6.149199852624466,1.5,0.02,0.7,0.2,782,3.6986137296782924,3.4248897413420463,0.9370281169346764
4.6143116969459,6.107360141562333,1.5,0.02,0.7,0.2,783,3.6973945530814123,3.4210162962931268,0.9360248555960744
4.581621226366109,6.065450835351799,1.5,0.02,0.7,0.2,784,3.6961638507127597,3.4171120065255853,0.9350063358890052
4.548922936001865,6.023530019038992,1.5,0.02,0.7,0.2,785,3.69492304335364,3.4131792728230317,0.9339758401550801
4.516599872252653,5.982080160698873,1.5,0.02,0.7,0.2,786,3.6936833639495488,3.4092647592806147,0.9329316360811336
4.484571413494499,5.941002743385106,1.5,0.02,0.7,0.2,787,3.69244466284412,3.405359868053784,0.9318817228862505
4.452685688506648,5.900093761840914,1.5,0.02,0.7,0.2,788,3.691201843904144,3.4014456003936,0.9308247147865295
4.420654327919419,5.859002317120245,1.5,0.02,0.7,0.2,789,3.689944901564781,3.397486166122502,0.9297563797001742
4.38884407435433,5.818186366245787,1.5,0.02,0.7,0.2,790,3.6886802359172264,3.3935245969047156,0.9286592863277424
4.357295231761965,5.777691555646322,1.5,0.02,0.7,0.2,791,3.6874131320842323,3.3895713642739467,0.9275441036265367
4.32590721911607,5.737399176393728,1.5,0.02,0.7,0.2,792,3.686139911239568,3.3856096268448233,0.9264129576770018
4.294768362553098,5.697412909876276,1.5,0.02,0.7,0.2,793,3.6848648625441474,3.381653907979784,0.9252684817603571
4.263814365028677,5.657662435141813,1.5,0.02,0.7,0.2,794,3.683586726665186,3.3776923223910558,0.924117523833239
4.233094814192697,5.618206301025142,1.5,0.02,0.7,0.2,795,3.682306485384303,3.3737342904485055,0.9229545906522592
4.202702036516547,5.57916186818191,1.5,0.02,0.7,0.2,796,3.6810262794870168,3.369790279441424,0.9217777780701975
4.172602083984086,5.540479250320584,1.5,0.02,0.7,0.2,797,3.6797493214757,3.365859317182934,0.9206009082834179
4.142733697987564,5.502094527475299,1.5,0.02,0.7,0.2,798,3.6784706993250698,3.361929750636314,0.9194159862275203
4.112910735651282,5.46375413547,1.5,0.02,0.7,0.2,799,3.6771857515760664,3.3579812628236136,0.9182246830442046
4.083117864978393,5.425445689264876,1.5,0.02,0.7,0.2,800,3.675884633912011,3.354007161336921,0.916994313874676
4.053474908790298,5.387323729647502,1.5,0.02,0.7,0.2,801,3.674578230308957,3.350027750848617,0.9157481099507645
4.023893870587036,5.349276286615257,1.5,0.02,0.7,0.2,802,3.673266163635423,3.346025500806575,0.914502093298668
3.994481182308818,5.311423285436919,1.5,0.02,0.7,0.2,803,3.6719456880293158,3.342021683247177,0.9132240084336384
3.965442644641248,5.274051507193199,1.5,0.02,0.7,0.2,804,3.6706297074553476,3.338040266155848,0.9119415032290963
3.936670828829338,5.237028608168954,1.5,0.02,0.7,0.2,805,3.6693147293199226,3.334068116768793,0.9106537400744488
3.908040252252397,5.200168448623907,1.5,0.02,0.7,0.2,806,3.667991584776662,3.330088411327254,0.9093408673429477
3.879592459454457,5.16352955984123,1.5,0.02,0.7,0.2,807,3.666664590071481,3.326107506991091,0.9080137928583859
3.851165857016242,5.12691264237969,1.5,0.02,0.7,0.2,808,3.6653260896839535,3.322101242389339,0.9066660559100289
3.822820222175645,5.090378766394689,1.5,0.02,0.7,0.2,809,3.6639802883286565,3.318079931333009,0.9053041615451701
3.794702221036671,5.05414470849299,1.5,0.02,0.7,0.2,810,3.6626341238454,3.3140613468614,0.9039380880837536
3.766729274888421,5.018083527492621,1.5,0.02,0.7,0.2,811,3.661285249027832,3.3100355385124303,0.9025683971624521
3.738772566868885,4.982054280603172,1.5,0.02,0.7,0.2,812,3.659922843740426,3.3059859047524403,0.9011684097728152
3.711056616498487,4.94629746466462,1.5,0.02,0.7,0.2,813,3.6585564843232565,3.301941810078149,0.8997470667784314
3.683590200664809,4.910862908686926,1.5,0.02,0.7,0.2,814,3.6571886311424464,3.297907607262181,0.8983098568711569
3.656149024602601,4.87545107520504,1.5,0.02,0.7,0.2,815,3.655808249234336,3.2938484662463896,0.896847470254506
3.628898044558162,4.840278782091999,1.5,0.02,0.7,0.2,816,3.6544259148811404,3.2897891258455756,0.895377473242539
3.601947953838784,4.80550424741918,1.5,0.02,0.7,0.2,817,3.6530507350384616,3.2857460607868267,0.8939198189305717
3.575158622519931,4.770909049684881,1.5,0.02,0.7,0.2,818,3.6516727772112656,3.2817000779072387,0.8924539705013781
3.548585507497942,4.736573846809027,1.5,0.02,0.7,0.2,819,3.650288538804926,3.277659242842762,0.890957851940495
3.522230428746112,4.702524113208062,1.5,0.02,0.7,0.2,820,3.6488993317081126,3.273624904010476,0.8894353623855284
3.495998788215311,4.668620252921232,1.5,0.02,0.7,0.2,821,3.6475058303206067,3.269582020036861,0.8879042408091187
3.469967031200775,4.634964708610076,1.5,0.02,0.7,0.2,822,3.6461107215605573,3.2655415574832625,0.8863642683225201
3.444034126041469,4.601432334256192,1.5,0.02,0.7,0.2,823,3.644707823759932,3.261487222515674,0.8848070120876075
3.418309770077481,4.56816281033802,1.5,0.02,0.7,0.2,824,3.643302692669692,3.2574388114166535,0.8832348988256662
3.39274255937109,4.535074137312622,1.5,0.02,0.7,0.2,825,3.6418934813699915,3.253387924346411,0.8816489406971095
3.367421275657498,4.502300468013908,1.5,0.02,0.7,0.2,826,3.640485830143027,3.2493477567015527,0.8800585034341091
3.342480730717536,4.470020396698522,1.5,0.02,0.7,0.2,827,3.639087912416211,3.2453403180181892,0.8784742712102083
3.317631805785677,4.437832954620508,1.5,0.02,0.7,0.2,828,3.6376799827377844,3.241321998049329,0.8768608724653614
3.292946664392134,4.405875369200341,1.5,0.02,0.7,0.2,829,3.636265601290491,3.237300963700119,0.8752243810253982
3.268371437128626,4.374038057097625,1.5,0.02,0.7,0.2,830,3.634850795435093,3.23327079342564,0.873595327878284
3.243945430545758,4.342385912301031,1.5,0.02,0.7,0.2,831,3.633432663683852,3.2292349821769397,0.8719586121220213
3.21976523845122,4.311028768072811,1.5,0.02,0.7,0.2,832,3.632014414285,3.2252157401780983,0.8703048565254539
3.195758664647006,4.279900265802835,1.5,0.02,0.7,0.2,833,3.630587786914156,3.221196443565501,0.868617643654676
3.171934401965666,4.248992670221959,1.5,0.02,0.7,0.2,834,3.629158097253346,3.2171793822004062,0.8669159463765305
3.148245952900303,4.218260373102757,1.5,0.02,0.7,0.2,835,3.6277245319008906,3.2131584636707453,0.8652026034963682
3.124782299472704,4.187813840179398,1.5,0.02,0.7,0.2,836,3.626294120705615,3.209146726799468,0.8634926955865436
3.101667687937885,4.15781742560308,1.5,0.02,0.7,0.2,837,3.624870965344739,3.2051671859167974,0.8617796150257091
3.078651121958552,4.127902843639046,1.5,0.02,0.7,0.2,838,3.623445974694013,3.2011795542162615,0.8600672841233432
3.05585488944009,4.098326424438726,1.5,0.02,0.7,0.2,839,3.6220171205169693,3.1971987724190627,0.8583326492123668
3.033261384162528,4.068965580966388,1.5,0.02,0.7,0.2,840,3.6205859487715806,3.1932270487380157,0.8565796859118602
3.010731638774772,4.039664279765921,1.5,0.02,0.7,0.2,841,3.619146223323712,3.1892422638585605,0.8548055689998424
2.988422028664903,4.010691891059003,1.5,0.02,0.7,0.2,842,3.617705324165678,3.1852646645340275,0.8530195716922346
2.966307802091931,3.981928639076937,1.5,0.02,0.7,0.2,843,3.6162631156441645,3.1812962491389882,0.8512191530012216
2.944214394585763,3.953195498521405,1.5,0.02,0.7,0.2,844,3.6148110818193384,3.1773045581239034,0.8494027087170012
2.922267656428507,3.924640811523621,1.5,0.02,0.7,0.2,845,3.613361021568796,3.173310642805872,0.8475963830328649
2.900516071646073,3.89634348946956,1.5,0.02,0.7,0.2,846,3.611907544579883,3.1693249662218315,0.8457681516612516
2.878966465568855,3.868300318506209,1.5,0.02,0.7,0.2,847,3.6104507441389173,3.165349307328386,0.8439166087908359
2.857637310556326,3.840535121200268,1.5,0.02,0.7,0.2,848,3.6089951112971543,3.161387250574198,0.8420561341779733
2.836402499543843,3.812859641841741,1.5,0.02,0.7,0.2,849,3.607532813233778,3.157418189576383,0.8401760029222824
2.81536931279549,3.785478221271718,1.5,0.02,0.7,0.2,850,3.6060742753384574,3.1534594338457684,0.838300607071614
2.794610651810137,3.758443640031805,1.5,0.02,0.7,0.2,851,3.6046206963656933,3.149526389639503,0.8364193353868237
2.773986782577236,3.731572443754001,1.5,0.02,0.7,0.2,852,3.603160644898077,3.1455908814502327,0.8345146377056303
2.753501425852827,3.704868806399197,1.5,0.02,0.7,0.2,853,3.6016958137204194,3.1416566292187182,0.8325895652265122
2.733246849216462,3.678476721048838,1.5,0.02,0.7,0.2,854,3.6002365797870115,3.1377427394880346,0.8306665192235655
2.71322223363157,3.652345656082792,1.5,0.02,0.7,0.2,855,3.5987840852203985,3.133848534869883,0.8287507455752646
2.693394618290471,3.626513732455539,1.5,0.02,0.7,0.2,856,3.5973341201440303,3.1299691386525477,0.8268302814871282
2.673662679459849,3.600786233438163,1.5,0.02,0.7,0.2,857,3.595875595941454,3.126080796606141,0.8248845267232281
2.65402484802041,3.57517171582176,1.5,0.02,0.7,0.2,858,3.594409825198306,3.122188606621292,0.8229136337354845
2.634568086714217,3.549802331687484,1.5,0.02,0.7,0.2,859,3.5929461216340854,3.118311191718378,0.8209362343815182
2.615266820025219,3.524624498148093,1.5,0.02,0.7,0.2,860,3.5914808794722566,3.1144388318424037,0.8189476256101758
2.59608725681131,3.499598810024634,1.5,0.02,0.7,0.2,861,3.590015299391797,3.1105685569584645,0.8169555801722771
2.577118643974272,3.474868681299023,1.5,0.02,0.7,0.2,862,3.5885537187683894,3.106715235110648,0.8149625795264617
2.558239719687203,3.450246839304247,1.5,0.02,0.7,0.2,863,3.5870859880196573,3.1028597768372417,0.8129471148049392
2.53945773177953,3.425745625964586,1.5,0.02,0.7,0.2,864,3.585611021182278,3.099002725580323,0.8109042987123424
2.520923845442751,3.401568043379527,1.5,0.02,0.7,0.2,865,3.5841424685185936,3.095175529668639,0.808857283969287
2.50258562422362,3.377666207869076,1.5,0.02,0.7,0.2,866,3.5826789952689846,3.091369128669202,0.806809791970289
2.484398558539435,3.353946592856926,1.5,0.02,0.7,0.2,867,3.5812190562717965,3.087569676349662,0.8047694883010775
2.466366940583036,3.33044032061514,1.5,0.02,0.7,0.2,868,3.579762827359294,3.083788823767567,0.8027254252331628
2.448443442694684,3.307089059241683,1.5,0.02,0.7,0.2,869,3.5783006441395373,3.0800118501552562,0.8006536659664457
2.430651212381537,3.283914261262379,1.5,0.02,0.7,0.2,870,3.5768352643682904,3.076245081895532,0.7985589151411823
2.41308231900665,3.261049461379739,1.5,0.02,0.7,0.2,871,3.5753763322431658,3.0725078287312693,0.7964604398049473
2.395706218540298,3.238443624036794,1.5,0.02,0.7,0.2,872,3.573925056408792,3.0688039941731864,0.7943591710255333
2.378435606949102,3.216020948061642,1.5,0.02,0.7,0.2,873,3.572470608553633,3.0651016812956104,0.792243692482475
2.361337105844675,3.193822894491446,1.5,0.02,0.7,0.2,874,3.5710211384144492,3.0614260578107393,0.7901214354106119
2.344401438089979,3.17186708806504,1.5,0.02,0.7,0.2,875,3.569576584172716,3.0577786436011913,0.7879906326532261
2.327576535132819,3.15008695428998,1.5,0.02,0.7,0.2,876,3.568133315681102,3.0541511966757975,0.7858450056121651
2.310833234116878,3.128460079785486,1.5,0.02,0.7,0.2,877,3.566689011143166,3.0505357477348563,0.7836832364013623
2.29418134199178,3.106978288415639,1.5,0.02,0.7,0.2,878,3.565245320907213,3.0469339294382114,0.7815102937541938
2.277707325539045,3.085777634372499,1.5,0.02,0.7,0.2,879,3.563811093475304,3.043370379303347,0.7793369341614205
2.261441502280168,3.064892022500797,1.5,0.02,0.7,0.2,880,3.5623912394333592,3.0398538980448278,0.7771739992521614
2.245381924431924,3.044320774923967,1.5,0.02,0.7,0.2,881,3.5609820916634396,3.0363838552272475,0.7750074509900637
2.229429461373172,3.023944023376094,1.5,0.02,0.7,0.2,882,3.559574231063232,3.0329398797301588,0.7728199840863249
2.213610376571034,3.003795035945082,1.5,0.02,0.7,0.2,883,3.558172784001411,3.0295253707686114,0.7706287048005849
2.197988631791153,2.983968824585787,1.5,0.02,0.7,0.2,884,3.5567842999974215,3.0261640980527096,0.7684360415005287
2.182484208362911,2.964361163911299,1.5,0.02,0.7,0.2,885,3.5553987395692883,3.022832757848678,0.7662251399920275
2.167085628500998,2.944956160214187,1.5,0.02,0.7,0.2,886,3.554015290352832,3.0195313251343543,0.7639927758405256
2.15180558337399,2.925779114139831,1.5,0.02,0.7,0.2,887,3.5526358886542755,3.0162614419067375,0.7617450522739189
2.136611374609044,2.906810619279935,1.5,0.02,0.7,0.2,888,3.5512617804457154,3.0130285878486154,0.7594814734977979
2.121508379472695,2.888043557401899,1.5,0.02,0.7,0.2,889,3.5498900190732905,3.0098159302086733,0.7572070856480424
2.106517536845771,2.869530811193807,1.5,0.02,0.7,0.2,890,3.548528048626324,3.006646284743763,0.7549288493250864
2.091641169845454,2.851248231085063,1.5,0.02,0.7,0.2,891,3.5471662604223324,3.0034920142862505,0.7526359669666332
2.076844305594213,2.833184832776966,1.5,0.02,0.7,0.2,892,3.545806370028363,3.000371012254724,0.7503174074222796
2.062136699014297,2.815407000753519,1.5,0.02,0.7,0.2,893,3.5444541975896247,2.9973063063055014,0.747973423616551
2.047530558792739,2.797850017925709,1.5,0.02,0.7,0.2,894,3.5430993701019347,2.9942515851653653,0.7456088348059254
2.032981908737833,2.780503295884137,1.5,0.02,0.7,0.2,895,3.5417423928481067,2.9912156248723765,0.7432168860836033
2.018499014362091,2.763418093807991,1.5,0.02,0.7,0.2,896,3.540388875815394,2.988218276163048,0.740800166662082
2.00411782884048,2.746622799628169,1.5,0.02,0.7,0.2,897,3.5390401822282676,2.9852577511355936,0.7383659173410304
1.989869682529863,2.730187836171118,1.5,0.02,0.7,0.2,898,3.537699893761607,2.98234209799464,0.7359204166153396
1.975726201408563,2.71408409840552,1.5,0.02,0.7,0.2,899,3.5363645733098727,2.979467172011044,0.7334540607919999
1.961695197748829,2.698388550480738,1.5,0.02,0.7,0.2,900,3.5350391255784532,2.976658515663761,0.730960926213606
1.947789889871158,2.683044745518905,1.5,0.02,0.7,0.2,901,3.5337165060726203,2.9738838792678663,0.7284450845861662
1.93399749414989,2.668086419887622,1.5,0.02,0.7,0.2,902,3.532397362706933,2.9711535178751562,0.7258988725161271
1.920384969610695,2.65360313829169,1.5,0.02,0.7,0.2,903,3.5310895368947186,2.968483297451832,0.7233377896905959
1.906973498750032,2.639646975093504,1.5,0.02,0.7,0.2,904,3.5297960304036744,2.9658867151270165,0.7207603460512355
1.893691145432884,2.62614058539461,1.5,0.02,0.7,0.2,905,3.5285063970045583,2.9633398055656595,0.7181487220161266
1.880548789053171,2.613152111565264,1.5,0.02,0.7,0.2,906,3.527225530353605,2.960865345230728,0.7154997157472438
1.867592421308897,2.60067798395333,1.5,0.02,0.7,0.2,907,3.5259508110290514,2.9584482659934115,0.7128179176863461
1.854837410586368,2.588871696754464,1.5,0.02,0.7,0.2,908,3.5246929459428338,2.956134154841999,0.7101005684928887
1.842245231223011,2.577547522436848,1.5,0.02,0.7,0.2,909,3.5234373341338947,2.953870635015382,0.7073416410837506
1.829896835470759,2.566854661024953,1.5,0.02,0.7,0.2,910,3.5221924516350334,2.9516908905340946,0.7045418555695927
1.817809520746349,2.556820773033121,1.5,0.02,0.7,0.2,911,3.5209586252768625,2.949603105800173,0.7016943348708309
1.806051282744009,2.547525829424912,1.5,0.02,0.7,0.2,912,3.5197418836135,2.9476247759733387,0.6988056980442151
1.794642851496504,2.5389139340611,1.5,0.02,0.7,0.2,913,3.5185427100695135,2.9457445443410895,0.6958892355005174
1.783625062001349,2.531095765186697,1.5,0.02,0.7,0.2,914,3.5173650996396786,2.943990262727526,0.6929330753947407
1.772947891205305,2.523867706261994,1.5,0.02,0.7,0.2,915,3.516196381032541,2.942320079080391,0.6899283846133253
1.762635468648005,2.51732442078879,1.5,0.02,0.7,0.2,916,3.5150421562833754,2.940764218490508,0.6868673462065453
1.752711053684475,2.511458126339782,1.5,0.02,0.7,0.2,917,3.5139056024667874,2.939327779226251,0.6837575702044522
1.743183368225915,2.506201759783257,1.5,0.02,0.7,0.2,918,3.5127870406818085,2.93800303137926,0.6806080709115255
1.733933366162196,2.501239990779302,1.5,0.02,0.7,0.2,919,3.511670972057471,2.9367265054661713,0.6774203223272665
1.725122003644656,2.49701184961974,1.5,0.02,0.7,0.2,920,3.5105802875108925,2.9356016961600098,0.6741823934471128
1.71663804510547,2.49320189469098,1.5,0.02,0.7,0.2,921,3.5094968815844156,2.934562695042338,0.6708877708588773
1.708479405798906,2.489797951902355,1.5,0.02,0.7,0.2,922,3.5084216413517706,2.933611390276358,0.667538114694278
1.700597226538757,2.486681368513954,1.5,0.02,0.7,0.2,923,3.5073501473366284,2.932725203829003,0.6641383250810646
1.693072296618884,2.48402575421371,1.5,0.02,0.7,0.2,924,3.506293981811455,2.931946207836217,0.6606926589731581
1.685867023414088,2.481737689446436,1.5,0.02,0.7,0.2,925,3.5052483482232466,2.931256557793471,0.6571997746630678
1.679008428208958,2.479903568788318,1.5,0.02,0.7,0.2,926,3.5042195862019168,2.930678525893931,0.6536627584772897
1.672408282761702,2.478306838783424,1.5,0.02,0.7,0.2,927,3.5031946481562386,2.9301652076591966,0.6500763245293097
1.666229531260413,2.477300753654927,1.5,0.02,0.7,0.2,928,3.5021948486624015,2.929799415555981,0.6464429186571767
1.660220866929177,2.476342083386338,1.5,0.02,0.7,0.2,929,3.5011889228011928,2.929458910942671,0.6427597198256534
1.654414107450133,2.475592008528063,1.5,0.02,0.7,0.2,930,3.500186046744985,2.929184914549056,0.6390222119944378
1.649000246040956,2.475237504081987,1.5,0.02,0.7,0.2,931,3.499193558431309,2.9290152098983566,0.6352219633904319
1.643887059053997,2.475203284031584,1.5,0.02,0.7,0.2,932,3.498209425980812,2.9289394634240473,0.6313611800627551
1.63897998110982,2.475463349886307,1.5,0.02,0.7,0.2,933,3.497234434553908,2.928955189594381,0.6274454881848044
1.634363227302685,2.475951583436771,1.5,0.02,0.7,0.2,934,3.4962621244802166,2.9290440021949657,0.6234674352894534
1.630056416459052,2.476719552163619,1.5,0.02,0.7,0.2,935,3.4952967308869844,2.929219821197331,0.6194300419141615
1.625998030750233,2.477741082308613,1.5,0.02,0.7,0.2,936,3.4943398042198015,2.929479938945281,0.6153422174974763
1.622271032920778,2.479061614103105,1.5,0.02,0.7,0.2,937,3.493395884015074,2.9298371777507044,0.6112092978731445
1.618764066071907,2.480641479024258,1.5,0.02,0.7,0.2,938,3.492462892466386,2.9302809766158937,0.6070335328132028
1.615611377506116,2.482487570020905,1.5,0.02,0.7,0.2,939,3.4915421130550923,2.9308178558778595,0.6028135359060626
1.612706718138881,2.484551011533287,1.5,0.02,0.7,0.2,940,3.4906296897381996,2.9314314201788845,0.5985502783374668
1.610064494772855,2.486902374655136,1.5,0.02,0.7,0.2,941,3.48973230927787,2.9321426233617203,0.594249553313313
1.607685022738683,2.489422997372877,1.5,0.02,0.7,0.2,942,3.488841332763445,2.932919957574635,0.5899083130426988
1.605588901409773,2.492202701408954,1.5,0.02,0.7,0.2,943,3.487965338201952,2.933789242584685,0.5855350497866758
1.60374277027041,2.495236994939336,1.5,0.02,0.7,0.2,944,3.487102548097189,2.9347472220484554,0.5811259099038553
1.6021235382435,2.498475125740921,1.5,0.02,0.7,0.2,945,3.486249186475509,2.935782046028611,0.5766776394369781
1.600786669023769,2.501920511349205,1.5,0.02,0.7,0.2,946,3.4854068823382547,2.936897112717992,0.5721933561985815
1.599738829752378,2.505753531891322,1.5,0.02,0.7,0.2,947,3.484586881947972,2.9381316000533837,0.5676788673020563
1.598836642635718,2.509585566528562,1.5,0.02,0.7,0.2,948,3.4837663067501583,2.9393948780996944,0.5631332884644932
1.598116536214256,2.513595347421973,1.5,0.02,0.7,0.2,949,3.4829564614466726,2.9407255978206126,0.5585631875296306
1.597638380167722,2.517778106534378,1.5,0.02,0.7,0.2,950,3.482159377131141,2.9421283747271145,0.5539720733610035
1.597298416351783,2.522127078995949,1.5,0.02,0.7,0.2,951,3.481373423028659,2.94359701385742,0.5493596178207657
1.597150203510995,2.526622081519516,1.5,0.02,0.7,0.2,952,3.4805967255044035,2.94512542568892,0.5447244158922473
1.597172774006409,2.531250349960447,1.5,0.02,0.7,0.2,953,3.479828451615157,2.9467093188526126,0.5400674271715675
1.597354601468755,2.536014150179316,1.5,0.02,0.7,0.2,954,3.4790717089624774,2.948353260815762,0.5353965145976999
1.597571050845217,2.540910093620395,1.5,0.02,0.7,0.2,955,3.47832361098489,2.9500490362302356,0.5307083472728772
1.598067882881526,2.5458733899905,1.5,0.02,0.7,0.2,956,3.4775865815915417,2.951789263301598,0.526020002628122
1.598518280963288,2.550930400593489,1.5,0.02,0.7,0.2,957,3.4768585483595036,2.9535700118885355,0.5213271211130313
1.599185686199721,2.556057454900297,1.5,0.02,0.7,0.2,958,3.4761399696543855,2.955389577824606,0.516633240356491
1.599867514931899,2.561260445703713,1.5,0.02,0.7,0.2,959,3.4754304965493295,2.9572471408701593,0.5119377848907112
1.600642212450571,2.566527913378629,1.5,0.02,0.7,0.2,960,3.474729754398182,2.95913907790739,0.5072428792488917
1.601464844383447,2.571843850590172,1.5,0.02,0.7,0.2,961,3.4740367939906633,2.961059240707486,0.5025508748187191
1.602304282808395,2.577177021492214,1.5,0.02,0.7,0.2,962,3.47335339048788,2.963004033259073,0.4978724682559996
1.603225516119765,2.58254898135691,1.5,0.02,0.7,0.2,963,3.4726754206864583,2.9649717216274407,0.4931929006819443
1.604135193288792,2.587904590576058,1.5,0.02,0.7,0.2,964,3.4720043986166043,2.966953121492548,0.48852741253742105
1.605005790499433,2.593232340055512,1.5,0.02,0.7,0.2,965,3.4713402673966325,2.968945866990777,0.4838781421593037
1.605843102219195,2.598530313524737,1.5,0.02,0.7,0.2,966,3.4706829030361153,2.9709487580217333,0.4792457936862802
1.60665399442292,2.603827581467689,1.5,0.02,0.7,0.2,967,3.4700269610960564,2.972959122485356,0.4746116614624212
1.60749056965323,2.608992717678658,1.5,0.02,0.7,0.2,968,3.469378597113649,2.9749563885823997,0.47002093943575035
1.608137441183103,2.614062452744824,1.5,0.02,0.7,0.2,969,3.468735204233425,2.97694780354598,0.46545595295127196
1.608763669650975,2.619087024972034,1.5,0.02,0.7,0.2,970,3.4680932387522665,2.9789359430475963,0.46089995152502145
1.609290037744464,2.623961255408176,1.5,0.02,0.7,0.2,971,3.467458972917077,2.980906165536753,0.45639266569510706
1.609779057657967,2.628779433312312,1.5,0.02,0.7,0.2,972,3.466827566487843,2.9828699924109436,0.4519032131039811
1.610075483547892,2.633422875308149,1.5,0.02,0.7,0.2,973,3.4662022873443448,2.984809389524594,0.4474626994163369
1.610293707387658,2.637957419798073,1.5,0.02,0.7,0.2,974,3.4655800388527336,2.986730815761138,0.44305227921334833
1.610373953074471,2.642327386975178,1.5,0.02,0.7,0.2,975,3.464962199608173,2.988623240336099,0.4386884976601443
1.610302620143114,2.646518461218804,1.5,0.02,0.7,0.2,976,3.4643478803549503,2.990483301946395,0.4343711590369589
1.610053882826426,2.650494441101085,1.5,0.02,0.7,0.2,977,3.4637360926012053,2.9923024691318356,0.4301048408365384
1.609619907848565,2.654247121781365,1.5,0.02,0.7,0.2,978,3.4631264285295766,2.9940781533545144,0.4258905003273433
1.60888023141076,2.657708518959118,1.5,0.02,0.7,0.2,979,3.4625214229023102,2.9958023595655248,0.4217462716072685
1.608162415314755,2.661029659782514,1.5,0.02,0.7,0.2,980,3.4619171726373055,2.9974918080435953,0.4176398220691787
1.607135460154125,2.66406577608647,1.5,0.02,0.7,0.2,981,3.4613144434110175,2.999125480754664,0.4135952324529575
1.605839674454032,2.666771149675938,1.5,0.02,0.7,0.2,982,3.460714623681479,3.000692363770382,0.4096290705190871
1.604349096943129,2.669179561810229,1.5,0.02,0.7,0.2,983,3.4601163262807706,3.002193946811547,0.40573429787508786
1.602503455028703,2.671191839278208,1.5,0.02,0.7,0.2,984,3.459521445420377,3.0036185571680503,0.4019301640770113
